        32       -78       -39         4         2       100No_BA_region,
        14       -40       -24         4         2       103No_BA_region,
        24       -36       -42         4         2       104No_BA_region,
         7       -68       -37         4         2       105No_BA_region,
         7       -69       -20         4         2       106No_BA_region,
        16       -47       -51         4         2       108No_BA_region,
        23       -59       -51         4         2       109No_BA_region,
        12       -84       -34         4         2       111No_BA_region,
        20       -74       -49         4         2       112No_BA_region,
        37       -57       -32         4         2       113No_BA_region,
        23       -72       -28         4         2       114No_BA_region,
         8       -57       -50         4         2       115No_BA_region,
        42       -64       -48         4         2       116No_BA_region,
         7       -54       -33         4         2       117No_BA_region,
        34       -47       -53         4         2       118No_BA_region,
        21       -36        24         4         2       120No_BA_region,
         5       -37       -52         4         2       129No_BA_region,
        10       -19       -30         4         2       130No_BA_region,
         6       -22       -41         4         2       131No_BA_region,
         6       -25       -16         4         2       132No_BA_region,
         7       -34       -36         4         2       133No_BA_region,
       -24       -41        21         4         2       217No_BA_region,
        -7       -66       -37         4         2       236No_BA_region,
        -9       -51       -39         4         2       237No_BA_region,
        -9       -55       -51         4         2       239No_BA_region,
       -21       -70       -48         4         2       240No_BA_region,
       -30       -80       -39         4         2       242No_BA_region,
       -19       -46       -52         4         2       243No_BA_region,
       -43       -64       -45         4         2       246No_BA_region,
       -10       -82       -31         4         2       247No_BA_region,
        -8       -68       -19         4         2       248No_BA_region,
       -35       -50       -53         4         2       249No_BA_region,
       -23       -58       -48         4         2       250No_BA_region,
       -46       -47       -42         4         2       252No_BA_region,
       -26       -70       -30         4         2       253No_BA_region,
        -7       -55       -25         4         2       255No_BA_region,
       -24       -38       -43         4         2       256No_BA_region,
       -11        24        11         4         2       257No_BA_region,
        -5       -38       -52         4         2       266No_BA_region,
        -7       -33       -38         4         2       267No_BA_region,
        -6       -19       -36         4         2       268No_BA_region,
       -51       -24        42         4         2       171L.BA1.1,
       -41       -16        15         4         2       173L.BA1.2,
       -36       -23        67         4         2       167L.BA1.3,
       -24       -32        65         4         2       172L.BA1.4,
        20       -33        71         4         2        39R.BA1.5,
        32       -39        51         4         2        38R.BA1.6,
        43       -11        15         4         2        40R.BA1.7,
        42       -23        54         4         2        33R.BA1.8,
       -42       -15        46         4         2       158L.BA4.1,
        58        -8        28         4         2        23R.BA4.2,
       -58        -6        28         4         2       159L.BA6.1,
       -57        -3         8         4         2       163L.BA6.2,
       -46         0        50         4         2       165L.BA6.3,
       -46         8        30         4         2       157L.BA6.4,
       -28        -9        57         4         2       166L.BA6.5,
       -23        11        55         4         2       164L.BA6.6,
       -16       -19        71         4         2       160L.BA6.7,
        -9         0        68         4         2       162L.BA6.8,
        -8       -22        47         4         2       218L.BA6.9,
        -6        -4        49         4         2       161L.BA6.10,
         6       -22        67         4         2        24R.BA6.11,
         6        14        50         4         2        28R.BA6.12,
         7        -8        54         4         2        25R.BA6.13,
        14         6        66         4         2        29R.BA6.14,
        25        12        50         4         2        30R.BA6.15,
        26       -13        67         4         2        26R.BA6.16,
        32        -5        53         4         2        32R.BA6.17,
        40         3        35         4         2        31R.BA6.18,
        49        -4        49         4         2        27R.BA6.19,
       -28       -62        41         4         2       177L.BA7.1,
       -25       -55        65         4         2       175L.BA7.2,
       -10       -66        56         4         2       178L.BA7.3,
        -9       -71        33         4         2       176L.BA7.4,
        -7       -34        68         4         2       174L.BA7.5,
         7       -57        63         4         2        44R.BA7.6,
        15       -68        36         4         2        42R.BA7.7,
        25       -52        69         4         2        41R.BA7.8,
        32       -61        50         4         2        43R.BA7.9,
       -39        17        48         4         2       149L.BA8.1,
       -11        34        52         4         2       148L.BA8.2,
        -5        18        47         4         2       150L.BA8.3,
         7        21        32         4         2        15R.BA8.4,
        14        37        50         4         2        12R.BA8.5,
        24        31        37         4         2        13R.BA8.6,
        41        15        49         4         2        14R.BA8.7,
       -46        28        28         4         2       147L.BA9.1,
       -27        34        37         4         2       146L.BA9.2,
       -10        56        31         4         2       145L.BA9.3,
         8        53        25         4         2        10R.BA9.4,
        38        35        32         4         2        11R.BA9.5,
       -43        47        -6         4         2       143L.BA10.1,
       -29        54         4         4         2       142L.BA10.2,
       -29        50        23         4         2       144L.BA10.3,
       -18        57       -13         4         2       139L.BA10.4,
       -12        65         5         4         2       141L.BA10.5,
        -7        48        -5         4         2       138L.BA10.6,
        -6        48        13         4         2       140L.BA10.7,
         8        46        -1         4         2         5R.BA10.8,
        15        65         5         4         2         6R.BA10.9,
        29        51        20         4         2         9R.BA10.10,
        31        55        -3         4         2         7R.BA10.11,
        45        46        -4         4         2         8R.BA10.12,
       -18        19       -20         4         2       135L.BA11.1,
        -8        40       -20         4         2       137L.BA11.2,
        -6        18       -21         4         2       136L.BA11.3,
        -5        29        -9         4         2       134L.BA11.4,
         5        35       -16         4         2         3R.BA11.5,
        10        18       -18         4         2         2R.BA11.6,
        14        57       -16         4         2         1R.BA11.7,
        16        34       -22         4         2         4R.BA11.8,
       -39         8        -4         4         2       169L.BA13.1,
       -39         2        11         4         2       168L.BA13.2,
       -38       -13         0         4         2       170L.BA13.3,
        37        21        -9         4         2        36R.BA13.4,
        38       -12         0         4         2        37R.BA13.5,
        41         4         8         4         2        35R.BA13.6,
        42         5        -7         4         2        34R.BA13.7,
       -22       -67         8         4         2       216L.BA17.1,
        -6       -81        13         4         2       215L.BA17.2,
        15       -68         9         4         2        82R.BA17.3,
       -36       -84        -3         4         2       210L.BA18.1,
       -22       -97        -9         4         2       214L.BA18.2,
       -15       -84       -12         4         2       213L.BA18.3,
       -11       -98         9         4         2       212L.BA18.4,
        -9       -71        -1         4         2       211L.BA18.5,
         7       -76        -2         4         2        79R.BA18.6,
         8       -75        26         4         2        77R.BA18.7,
         8       -89        13         4         2        80R.BA18.8,
        15       -46         4         4         2        98R.BA18.9,
        18       -83       -10         4         2        76R.BA18.10,
        24       -96         7         4         2        78R.BA18.11,
        31       -92       -10         4         2        81R.BA18.12,
       -48       -67         2         4         2       209L.BA19.1,
       -43       -70       -13         4         2       206L.BA19.2,
       -41       -75        24         4         2       203L.BA19.3,
       -40       -74       -28         4         2       241L.BA19.4,
       -32       -87        14         4         2       204L.BA19.5,
       -26       -63       -11         4         2       207L.BA19.6,
       -17       -51         2         4         2       205L.BA19.8,
        -7       -50       -10         4         2       244L.BA19.9,
         6       -51       -11         4         2       101R.BA19.10,
        19       -82        43         4         2        75R.BA19.11,
        21       -64        -8         4         2        72R.BA19.12,
        30       -83        22         4         2        73R.BA19.13,
        45       -74         4         4         2        74R.BA19.14,
       -52       -18       -28         4         2       196L.BA20.1,
       -49        -5       -36         4         2       194L.BA20.2,
       -38       -13       -28         4         2       195L.BA20.3,
        31         1       -43         4         2        60R.BA20.4,
        40       -11       -35         4         2        58R.BA20.5,
        43       -26       -24         4         2        59R.BA20.6,
        47         4       -39         4         2        57R.BA20.7,
        46       -46       -41         4         2       107R.BA20.8,
        54        -8       -31         4         2        56R.BA20.9,
       -60       -27       -17         4         2       193L.BA21.1,
       -58        -6       -22         4         2       190L.BA21.2,
       -59       -30         4         4         2       191L.BA21.3,
       -58       -47         6         4         2       192L.BA21.4,
        50       -34         0         4         2        54R.BA21.5,
        61       -23       -21         4         2        55R.BA21.6,
       -57       -15        -6         4         2       197L.BA22.1,
        56        -9       -13         4         2        64R.BA22.2,
        59       -44         9         4         2        65R.BA22.3,
        62       -24        -2         4         2        63R.BA22.4,
        -9       -59        19         4         2       222L.BA23.1,
        -7       -18        31         4         2       224L.BA23.2,
        -5       -36        33         4         2       223L.BA23.3,
         5       -39        28         4         2        85R.BA23.4,
         7       -19        31         4         2        88R.BA23.5,
        12       -57        19         4         2        86R.BA23.6,
        28       -54         8         4         2        87R.BA23.7,
        -5        13        30         4         2       221L.BA24.1,
        -4        -5        34         4         2       220L.BA24.2,
         5        -1        37         4         2        84R.BA24.3,
        -7       -42        14         4         2       227L.BA30.1,
        -9       -43        51         4         2       226L.BA31.1,
         6       -57        39         4         2        90R.BA31.3,
         8       -23        46         4         2        89R.BA31.4,
         8       -40        49         4         2        91R.BA31.5,
        -6        34        27         4         2       219L.BA32.1,
         8        35        18         4         2        83R.BA32.2,
       -30        -6       -40         4         2       202L.BA36.1,
       -21        -4       -28         4         2       235L.BA36.3,
       -21       -31       -10         4         2       233L.BA36.4,
        25        -3       -30         4         2        97R.BA36.5,
        28       -28       -13         4         2        95R.BA36.6,
        29       -20       -25         4         2        96R.BA36.7,
       -60       -50       -13         4         2       199L.BA37.1,
       -47       -40       -23         4         2       201L.BA37.2,
       -43       -52       -16         4         2       200L.BA37.3,
       -37       -53       -30         4         2       238L.BA37.4,
       -27       -43       -15         4         2       198L.BA37.6,
       -21       -53       -23         4         2       254L.BA37.7,
       -10       -38       -24         4         2       251L.BA37.8,
        21       -55       -23         4         2       110R.BA37.9,
        25       -45       -11         4         2        68R.BA37.10,
        30       -36       -30         4         2       119R.BA37.11,
        36       -69       -16         4         2        67R.BA37.12,
        39       -75       -29         4         2       102R.BA37.13,
        42       -46       -22         4         2        71R.BA37.14,
        46       -60       -14         4         2        66R.BA37.15,
        55       -56        -4         4         2        69R.BA37.16,
        61       -43       -17         4         2        70R.BA37.17,
       -49        11       -30         4         2       187L.BA38.1,
       -50         6       -14         4         2       188L.BA38.2,
       -38         6       -37         4         2       185L.BA38.3,
       -35        19       -31         4         2       186L.BA38.4,
       -23         9       -38         4         2       189L.BA38.5,
        27        12       -38         4         2        51R.BA38.6,
        40        19       -33         4         2        52R.BA38.7,
        53        11       -21         4         2        53R.BA38.8,
       -53       -44        40         4         2       184L.BA39.1,
       -51       -56        21         4         2       183L.BA39.2,
       -42       -66        43         4         2       182L.BA39.3,
        41       -75        29         4         2        49R.BA39.4,
        48       -62        36         4         2        48R.BA39.5,
        49       -58        15         4         2        50R.BA39.6,
       -60       -26        23         4         2       181L.BA40.1,
       -42       -31        17         4         2       180L.BA40.2,
       -36       -39        49         4         2       179L.BA40.3,
        53       -27        42         4         2        45R.BA40.4,
        54       -45        38         4         2        47R.BA40.5,
        58       -29        21         4         2        46R.BA40.6,
        40       -26        15         4         2        62R.BA41.1,
        59        -3         4         4         2        61R.BA41.2,
       -53        18        12         4         2       156L.BA44.1,
        40        18        30         4         2        22R.BA44.2,
        55        10        23         4         2        21R.BA44.3,
       -32        22         7         4         2       155L.BA45.1,
        37        21         7         4         2        20R.BA45.2,
       -43        42        12         4         2       154L.BA46.1,
        48        36        16         4         2        19R.BA46.2,
       -46        28        -6         4         2       151L.BA47.1,
       -32        20       -15         4         2       153L.BA47.2,
       -28        36       -15         4         2       152L.BA47.3,
        27        20       -20         4         2        18R.BA47.4,
        33        37       -15         4         2        17R.BA47.5,
        54        25         2         4         2        16R.BA47.6,
       -15        -4        22         4         2       260L.BA48.1,
       -13        12        10         4         2       258L.BA48.2,
       -10        11        -7         4         2       259L.BA48.3,
        13        13        12         4         2       121R.BA48.4,
        13        20         0         4         2       123R.BA48.5,
        14        -4        22         4         2       122R.BA48.6,
       -25         6         1         4         2       261L.BA49.1,
        14         8        -9         4         2       125R.BA49.2,
        27         6         1         4         2       124R.BA49.3,
       -12       -26        16         4         2       264L.BA50.1,
       -10       -25         0         4         2       262L.BA50.2,
        -5       -10         7         4         2       263L.BA50.3,
         5       -10         6         4         2       128R.BA50.4,
        10       -27        -1         4         2       126R.BA50.5,
        12       -28        15         4         2       127R.BA50.6,
       -27         2       -18         4         2       228L.BA53.1,
        31         4       -21         4         2        92R.BA53.2,
       -36       -25       -14         4         2       232L.BA54.1,
       -32       -40        -3         4         2       230L.BA54.2,
       -23       -13       -16         4         2       231L.BA54.3,
       -21       -37         7         4         2       229L.BA54.4,
        19        -8       -14         4         2        99R.BA54.5,
        29       -37         1         4         2        93R.BA54.6,
        36       -15       -17         4         2        94R.BA54.7,
        -5       -22       -15         4         2       265L.BA55.1,
